1 FP1	-92	-72
2 AF7	-92	-54
3 AF3	-74	-65
4 F1	-50	-68
5 F3	-60	-51
6 F5	-75	-41
7 F7	-92	-36
8 FT7	-92	-18
9 FC5	-72	-21
10 FC3	-50	-28
11 FC1	-32	-45
12 C1	-23	0
13 C3	-46	0
14 C5	-69	0
15 T7	-92	0
16 TP7	-92	18
17 CP5	-72	21
18 CP3	-50	28
19 CP1	-32	45
20 P1	-50	68
21 P3	-60	51
22 P5	-75	41
23 P7	-92	36
24 P9	-115	40
25 PO7	-92	54
26 PO3	-74	65
27 O1	-92	72
28 IZ	115	-90
29 OZ	92	-90
30 POZ	69	-90
31 PZ	46	-90
32 CPZ	23	-90
33 FPZ	92	90
34 FP2	92	72
35 AF8	92	54
36 AF4	74	65
37 AFZ	69	90
38 FZ	46	90
39 F2	50	68
40 F4	60	51
41 F6	75	41
42 F8	92	36
43 FT8	92	18
44 FC6	72	21
45 FC4	50	28
46 FC2	32	45
47 FCZ	23	90
48 CZ	0	0
49 C2	23	0
50 C4	46	0
51 C6	69	0
52 T8	92	0
53 TP8	92	-18
54 CP6	72	-21
55 CP4	50	-28
56 CP2	32	-45
57 P2	50	-68
58 P4	60	-51
59 P6	75	-41
60 P8	92	-36
61 P10	115	-40
62 PO8	92	-54
63 PO4	74	-65
64 O2	92	-72
65 EXG1 0	0
66 EXG2 0	0
67 EXG3 0	0
68 EXG4 0	0
69 EXG5 0	0
70 EXG6 0 	0
71 EXG7 0 	0
72 EXG8 0 	0
